27.49435682593148
32.7309740764309
36.70716390744202
41.2525915626186
42.96598115417821
28.64101928979519
49.98644285902821
27.20526701297264
32.32028732194144
42.72444018957787
33.02393942135446
42.58866767460967
33.73717330088184
39.15556142297254
50.2656075479215
41.15118840507977
57.11974011585855
39.21173422865591
29.79909001768281
46.94003661165538
36.9843194709384
45.4043621994403
48.07999137061712
36.01813650733731
39.78659623620537
39.35132531607041
69.66726433000258
64.46771446150919
82.29787475033454
70.66009314460049
69.99374175414134
58.23731794622353
57.83244130432552
83.11439671667053
65.72336308013335
52.19955709476718
81.59279917088487
54.0983376623704
56.07734301193821
72.23971167167655
56.24677954506471
55.16338410739896
59.09073486079317
58.79788806394304
50.61004050520369
51.71044289017151
61.11289258995398
51.33666829349829
48.63514458535699
51.18461090053518
61.86840387797309
47.25928445853921
51.83586744004693
59.37908740990367
56.98575082716467
52.77424892403546
71.22377850173173
57.35698296270068
48.42878901251261
53.26798344532143
82.05704152041388
54.92369391107915
58.58605408938428
112.1374162761247
96.98117362065847
96.95873096801094
119.9196008058494
115.0170359979044
108.673825796745
110.5299597150064
124.6032861712336
