99.92869375253203
109.1693635921465
98.51337200088442
105.1828239486444
106.5890384856972
100.313283703458
102.3152260933372
105.0217020466697
111.1369950445029
100.1515814825588
109.009554803791
103.9479183239519
108.0976965288558
102.5004087191193
100.6854507931835
104.0833284308556
113.9727151955734
105.2782816534628
104.655764195026
109.5891862467062
113.6729556110835
113.1370134113622
114.4310792646963
115.0696055027435
118.1387382664524
133.3573818267093
128.0859187847886
161.1724708026329
169.846062339867
162.3213407074924
156.0931105619297
134.1044764204782
134.5629965459669
122.4190816788323
134.283224366685
144.2285775191741
154.2044726017211
141.9345628165138
159.2725409681528
160.4462179097356
167.9468751418303
160.9678339717599
165.7720714556608
172.8976994400156
155.8424168119853
169.850377827726
170.882320841205
159.6833594641126
172.1655911180452
174.270462009407
173.6310522114925
170.4588184610176
175.673510419864
174.3727080468823
165.9125274340361
186.4339568603381
181.7350803000095
177.4287960750665
187.2116955603049
171.4754239611704
173.8348987742211
201.6610183548962
194.0861602802115
190.7003911927427
206.2344888939993
195.6159408641041
198.7615919552037
206.2772703888604
194.4108060726628
186.9808255109585
201.3208628912859
197.2694862616815
209.8105888238328
214.6094191595841
210.2917694460142
201.957184759732
210.9108085445462
219.373430682701
201.1271852049476
201.302760356255
207.9351502681432
186.2242954288378
198.1819532468049
213.2311835801824
193.1709805757137
207.7953664398563
210.5047025183916
189.7469026568822
192.6820010830488
188.463614908618
177.1534910857157
141.3867421793702
122.3837866342512
127.7484595544297
118.464327981365
125.9065847622227
125.5966033458883
126.1999943590192
117.8734507125354
