18.28412413375828
28.81381085617521
21.87975080575082
29.56621692928682
21.77072266003717
32.12402907477602
24.01334068503694
30.422806853089
22.95158009648395
23.65904882743804
25.40414909929921
22.81390641720155
26.73485696104406
36.30251626905305
25.59643668751663
41.79736404413882
63.1594093888824
71.31685110179492
67.52557132114721
75.82154061735501
68.99134974151001
62.78738384621388
67.15960587000751
69.29398346551741
75.1018433238053
82.74868111776848
80.33746328610361
85.57347328801731
85.10102642702711
84.11531849772703
79.77323527582301
83.4138815987764
89.35075862352336
82.46830690121757
88.29780926533319
84.98619906047546
85.84159273471914
79.77747738340949
87.78398349849424
89.11029967443909
92.55777700493115
91.90645416663918
93.12332367062312
91.41876196948228
97.69895806050862
102.4951132490434
97.80626784806175
93.51630597982539
98.82522738314759
99.94207381489485
95.83282205040732
93.14625855552029
92.8825532589229
97.0015035787531
92.95771875520923
91.73443677290099
101.9204127963446
102.0919031075172
95.27459592919787
92.4581691003242
91.68140122882434
99.83954137659227
91.07582055022779
91.23403947469973
92.42392981530259
89.50597921016465
92.66768741249588
76.21920668570405
76.71274940655691
80.66949157567238
67.96918485857944
82.16000746954954
82.25435136512979
103.1020144252309
91.65620895547053
80.37569094038288
107.2373402796454
93.26348533926964
116.0245030250379
116.1515947805437
84.36100173200303
131.4052877767637
117.0794271379604
104.2856399767423
135.1489472973219
111.7355493855666
120.2036432735744
125.6580654807156
114.4385873595435
